NumIndivs 304
NumLoci 9
Digits 1
Format NonLumped
LocusNames fca8      fca23  fca35  fca43  fca45  fca77  fca90  fca96  fca126


1 123 143 136 140 144 144 120 122 157 158 144 144 107 107 210 212 142 144 
2 135 135 134 140 144 144 120 122 161 161 144 144 93 105 210 220 144 144 
3 115 121 132 150 144 152 118 122 152 158 144 144 107 113 214 220 142 142 
4 121 123 140 140 144 152 122 128 152 152 144 144 93 107 212 210 136 142 
5 121 121 140 140 144 152 118 122 152 158 144 144 109 115 212 220 142 150 
6 121 123 132 132 138 144 120 120 158 161 150 150 109 111 212 212 142 144 
7 121 141 140 140 144 144 120 122 152 158 144 150 107 109 210 210 140 142 
8 123 135 134 138 138 138 120 132 144 155 144 150 105 109 210 212 142 144 
9 115 121 134 134 -9 -9 120 120 157 161 144 148 109 109 204 224 142 146 
10 115 121 134 134 144 144 120 128 155 157 150 150 109 109 184 224 140 140 
11 123 137 132 140 138 144 122 128 144 144 134 144 105 93 210 210 140 142 
12 135 143 140 144 144 144 128 128 155 155 148 154 113 93 210 212 142 142 
13 123 137 132 140 138 144 128 128 149 155 144 148 113 93 210 210 142 146 
14 145 147 132 140 138 144 118 120 151 156 144 144 107 109 212 212 142 142 
15 121 137 134 140 144 144 120 120 144 157 144 148 91 109 210 210 138 140 
16 123 137 134 134 144 144 120 120 158 158 144 145 107 113 210 218 140 142 
17 123 135 140 140 144 144 128 132 152 153 144 152 109 109 210 212 140 144 
18 123 123 132 132 138 144 120 120 155 161 144 150 109 109 210 224 138 138 
19 123 123 134 150 138 138 120 120 154 155 144 150 111 113 210 224 140 140 
20 143 143 136 150 138 138 128 128 155 155 150 152 93 113 -9 -9 138 142 
21 123 135 134 146 144 144 126 128 158 158 150 150 107 107 212 212 140 144 
22 123 139 140 140 138 144 118 124 144 160 144 150 109 109 210 218 140 140 
23 135 141 134 150 138 144 120 122 161 161 144 150 109 109 210 218 138 140 
24 123 143 134 134 138 138 120 120 155 157 148 148 109 111 210 210 138 138 
25 121 135 132 134 138 138 120 120 152 158 144 148 109 111 210 224 140 144 
26 121 135 134 134 138 144 120 128 156 158 144 144 109 111 210 224 140 140 
27 123 135 132 134 138 138 122 128 156 158 144 148 109 111 210 212 138 140 
28 137 145 134 134 144 144 122 130 144 157 144 152 91 91 210 210 140 142 
29 121 121 134 150 -9 -9 120 128 157 161 -9 -9 111 111 208 210 140 140 
30 123 141 134 140 138 144 120 120 155 155 144 148 109 113 212 212 140 148 
31 123 123 150 150 138 144 120 120 152 161 148 148 91 105 184 184 140 140 
32 135 147 140 140 138 138 128 128 160 163 144 144 109 113 210 210 140 142 
33 121 123 134 134 138 144 120 128 157 157 148 150 105 113 210 210 138 140 
34 123 137 140 140 138 138 120 120 144 157 144 150 105 113 210 224 140 142 
35 123 143 150 150 138 144 118 120 156 156 144 150 113 109 210 210 138 138 
36 123 123 132 140 138 144 128 134 151 159 144 150 109 113 210 210 140 144 
37 123 137 134 134 138 144 120 120 156 157 144 150 109 113 224 224 138 140 
38 121 141 134 140 138 144 118 128 154 160 144 150 111 113 212 224 140 142 
39 121 141 134 134 -9 -9 120 120 156 156 144 145 109 113 208 208 138 138 
40 123 139 132 134 144 144 120 122 154 158 150 150 109 111 212 224 140 144 
41 123 123 132 134 138 144 120 120 158 158 144 150 109 111 224 224 140 142 
42 121 123 134 134 144 162 120 120 152 152 144 144 111 111 184 184 142 150 
43 121 141 134 150 144 144 120 120 154 163 150 150 111 111 212 224 138 142 
44 -9 -9 -9 -9 -9 -9 -9 -9 156 160 -9 -9 91 109 220 224 -9 -9 
45 139 143 140 150 138 144 118 120 152 155 144 145 91 109 210 184 140 148 
46 123 123 132 140 144 144 118 118 149 149 144 152 107 113 214 218 144 144 
47 121 121 134 134 138 144 118 120 154 156 148 148 109 111 212 224 138 140 
48 121 135 134 134 -9 -9 120 120 157 160 148 150 109 111 210 218 140 144 
49 121 123 134 134 144 148 120 120 153 160 148 150 91 109 212 224 140 144 
50 141 141 134 134 138 144 128 134 144 156 144 148 91 109 210 224 140 140 
51 141 141 134 134 138 144 120 128 156 159 144 144 109 113 212 212 140 142 
52 121 121 134 134 138 144 120 128 154 163 144 148 107 111 214 214 140 140 
53 123 137 140 150 138 144 120 120 149 149 144 152 109 113 210 210 142 142 
54 141 141 134 152 138 144 120 120 152 158 144 148 109 109 212 224 142 142 
55 139 139 134 140 144 144 122 122 154 160 145 149 111 113 224 224 138 140 
56 141 141 132 134 138 144 122 128 156 159 144 144 109 111 208 224 138 140 
57 123 141 140 150 138 148 118 130 156 156 144 148 93 113 210 210 142 142 
58 135 141 134 150 144 144 118 120 158 158 -9 -9 111 111 210 210 140 142 
59 123 123 144 150 138 144 122 128 149 155 144 144 93 93 210 210 140 148 
60 139 145 140 150 138 138 118 126 154 155 144 146 113 113 210 220 140 142 
61 121 121 132 134 138 144 120 128 156 159 144 144 113 113 212 212 140 148 
62 123 139 -9 -9 -9 -9 118 124 144 158 144 150 107 107 210 220 142 142 
63 123 123 134 142 138 144 122 128 152 163 144 148 113 113 212 214 142 144 
64 139 143 132 140 138 138 122 128 144 158 144 147 93 113 184 210 144 146 
65 141 143 132 140 138 138 120 120 144 159 144 145 105 107 210 224 140 142 
66 135 143 150 150 144 144 120 128 157 158 144 156 113 115 210 210 140 146 
67 123 123 136 140 144 162 122 128 158 160 144 144 93 107 210 210 142 142 
68 121 123 150 150 144 144 120 122 153 158 144 148 111 111 210 224 140 140 
69 123 135 134 146 144 144 120 120 153 156 148 150 107 109 212 224 140 142 
70 121 121 132 132 138 144 120 128 158 158 150 150 111 111 212 224 140 142 
71 139 141 134 134 144 144 120 122 159 159 144 144 109 111 208 224 138 140 
72 123 135 134 134 138 144 120 124 155 155 148 148 111 117 224 224 140 144 
73 145 145 150 150 144 144 122 128 156 160 144 145 91 105 184 220 138 146 
74 121 139 134 150 138 138 120 120 150 158 144 148 109 111 210 212 144 150 
75 123 139 134 134 138 144 120 120 158 158 144 150 111 115 224 224 144 146 
76 121 141 134 134 138 144 122 122 154 154 144 144 113 115 224 224 140 140 
77 135 141 134 140 144 144 120 122 155 155 148 150 109 113 210 224 138 150 
78 123 137 132 134 138 138 122 128 152 158 144 148 109 111 224 224 140 148 
79 141 141 132 134 138 138 118 120 152 158 144 148 -9 -9 224 224 142 150 
80 123 143 134 150 138 138 120 128 153 153 148 150 109 113 204 210 140 140 
81 123 143 134 150 138 144 120 120 154 154 150 150 109 109 210 184 142 142 
82 137 141 142 152 138 144 128 130 -9 -9 145 145 107 107 224 224 142 144 
83 121 121 132 134 144 162 120 120 155 155 144 147 109 113 212 224 140 140 
84 121 121 -9 -9 138 144 120 128 158 158 144 150 109 111 210 224 140 140 
85 121 123 140 140 138 144 120 120 158 158 144 150 111 111 210 212 140 142 
86 123 143 140 140 138 138 122 128 152 154 144 144 93 113 210 210 138 140 
87 123 139 134 134 138 144 120 122 152 158 150 150 109 109 224 224 144 146 
88 135 145 -9 -9 138 138 118 118 149 155 144 152 109 111 204 210 142 150 
89 123 123 132 134 144 144 120 120 153 159 144 145 107 111 210 224 138 140 
90 123 141 134 134 144 144 120 120 144 155 150 150 105 115 184 210 140 144 
91 123 141 134 134 144 144 118 120 153 158 144 150 109 113 184 210 142 146 
92 121 137 134 140 138 138 120 120 155 156 144 150 109 113 210 210 140 140 
93 123 141 134 134 138 144 120 120 151 151 145 151 109 113 212 212 138 146 
94 123 141 132 134 138 144 120 124 151 157 148 150 103 109 224 224 138 142 
95 121 123 134 134 144 144 120 122 153 153 148 148 105 107 224 224 140 142 
96 121 121 134 140 -9 -9 120 122 144 153 144 148 113 113 212 224 138 138 
97 121 135 132 134 138 138 120 128 151 157 144 144 109 111 210 224 136 140 
98 141 141 132 134 -9 -9 122 128 158 158 144 144 -9 -9 210 224 138 140 
99 135 135 134 144 138 144 120 122 144 155 144 152 91 115 210 224 140 142 
100 141 141 132 134 138 144 120 122 155 159 144 150 105 105 210 218 140 142 
101 121 123 134 140 138 144 120 122 155 159 144 148 109 113 212 212 142 150 
102 121 141 134 140 138 138 122 128 159 159 148 148 107 109 210 212 140 140 
103 121 141 134 140 138 138 122 122 155 159 144 148 105 111 224 224 140 142 
104 121 139 134 134 144 144 122 122 156 156 144 145 109 113 212 224 140 140 
105 121 141 134 140 138 138 122 122 159 159 144 148 107 111 212 212 138 140 
106 121 141 132 140 144 144 128 128 155 159 144 145 107 111 210 224 140 140 
107 121 141 134 134 138 144 122 120 159 163 144 144 107 109 212 224 140 140 
108 141 141 132 140 144 144 122 128 144 154 144 150 105 105 210 210 140 144 
109 121 141 134 134 144 144 122 128 159 159 144 145 109 113 210 224 140 140 
110 141 141 132 140 138 138 122 128 159 163 144 148 111 111 212 224 138 140 
111 121 141 134 134 144 144 120 122 156 156 144 145 111 113 208 224 140 140 
112 121 123 132 150 138 138 120 120 144 155 144 148 105 109 224 224 140 142 
113 121 141 132 134 138 144 122 122 154 155 144 144 111 113 220 224 140 140 
114 123 139 132 134 138 144 120 128 154 158 150 151 109 113 212 224 142 146 
115 123 123 132 134 -9 -9 120 128 158 158 145 151 109 111 224 224 142 144 
116 123 137 134 140 138 144 128 128 154 154 144 146 91 109 210 212 140 144 
117 121 141 134 150 144 144 120 120 154 163 148 149 111 111 208 208 140 140 
118 139 141 146 146 144 144 128 128 149 149 144 145 105 107 210 218 142 142 
119 121 121 134 134 -9 -9 120 120 152 154 148 148 109 111 212 224 138 138 
120 123 139 132 134 144 144 120 128 154 158 150 150 109 113 212 224 142 146 
121 121 135 134 150 136 144 120 122 144 154 144 144 105 109 210 224 142 144 
122 133 139 148 150 138 138 122 128 155 158 144 144 105 113 210 212 142 146 
123 135 139 150 150 138 138 128 128 157 157 144 146 91 107 212 224 140 142 
124 121 123 134 134 -9 -9 120 122 154 158 144 144 105 111 210 224 140 140 
125 123 141 134 134 144 144 122 122 154 163 144 148 109 113 224 224 140 140 
126 121 139 132 134 144 144 120 120 152 158 150 150 105 111 212 224 138 140 
127 135 137 142 148 138 144 118 120 153 154 144 152 103 107 210 210 138 140 
128 133 137 140 148 138 144 118 120 153 154 144 144 103 107 210 218 142 144 
129 121 141 140 140 138 138 122 122 154 155 144 145 105 107 210 210 142 142 
130 135 145 132 148 138 144 128 128 155 158 144 144 91 105 210 210 142 144 
131 121 123 134 136 138 138 122 122 157 158 144 150 -9 -9 224 224 138 144 
132 133 133 140 140 144 144 118 118 144 156 144 145 105 113 210 212 142 144 
133 121 141 134 150 -9 -9 118 120 144 158 150 150 91 115 212 224 140 140 
134 135 145 132 136 138 138 120 120 154 155 144 144 93 117 210 210 142 142 
135 121 123 136 136 144 144 120 128 144 149 148 148 109 113 224 224 138 140 
136 121 123 136 152 144 144 122 128 150 150 144 150 93 109 212 224 140 148 
137 -9 -9 -9 -9 -9 -9 128 128 144 155 144 144 111 113 210 224 140 142 
138 123 123 134 154 -9 -9 -9 -9 -9 -9 144 144 111 111 -9 -9 140 142 
139 133 135 140 140 144 144 124 128 144 155 150 152 91 113 210 218 140 152 
140 137 139 134 140 144 144 120 122 154 155 144 144 113 115 210 218 138 142 
141 135 141 140 140 138 144 128 128 144 149 144 148 113 113 210 220 140 144 
142 123 123 134 134 -9 -9 120 120 151 153 148 150 109 107 212 224 138 146 
143 135 137 134 150 144 144 120 120 144 144 144 150 111 113 212 220 142 142 
144 123 141 134 142 138 138 120 120 149 155 144 148 93 107 212 212 140 142 
145 121 141 132 134 138 144 120 122 157 158 148 150 105 111 224 224 138 144 
146 121 121 132 132 144 144 120 122 158 158 150 150 109 109 224 212 138 144 
147 121 121 134 150 144 144 120 128 144 157 144 150 109 113 224 212 138 140 
148 123 137 132 154 144 144 120 120 152 157 144 144 107 109 210 224 138 140 
149 135 135 134 134 144 144 120 120 153 155 144 144 91 105 210 210 142 142 
150 135 135 140 140 -9 -9 118 120 160 160 145 145 93 93 210 214 142 142 
151 121 141 140 140 138 138 118 122 158 161 148 148 113 113 212 224 140 140 
152 123 141 134 150 138 144 120 120 148 154 148 150 -9 -9 224 224 136 136 
153 123 141 140 140 138 144 122 122 154 158 144 148 107 111 212 224 140 140 
154 123 123 134 140 -9 -9 120 120 154 158 144 144 107 109 210 224 138 140 
155 121 141 134 134 144 144 120 120 154 158 144 144 105 107 212 224 140 142 
156 121 121 134 134 144 144 120 120 144 158 144 144 105 113 210 224 140 140 
157 123 137 134 134 148 148 120 120 154 158 148 150 107 107 210 210 140 142 
158 121 135 140 140 138 144 120 120 158 158 148 150 99 99 -9 -9 136 142 
159 135 137 134 150 144 150 128 128 161 161 144 150 109 113 210 214 142 142 
160 135 143 140 150 144 144 120 122 152 154 144 144 91 91 210 214 142 148 
161 135 147 140 140 138 138 122 128 157 159 144 150 91 91 210 214 140 148 
162 123 139 134 140 144 144 120 120 150 154 144 150 109 111 212 224 138 140 
163 123 145 134 140 138 138 120 120 154 158 144 144 91 113 210 210 142 146 
164 123 135 134 134 144 144 120 120 152 158 144 144 91 105 212 212 142 148 
165 139 139 140 140 144 144 120 120 152 158 148 148 105 113 210 224 140 142 
166 121 123 134 134 138 144 120 120 152 158 148 148 109 109 212 224 138 140 
167 123 123 134 134 144 144 118 120 144 158 148 150 109 109 212 224 138 140 
168 135 135 134 134 144 144 118 120 144 144 144 144 93 107 214 214 144 144 
169 123 141 140 150 144 152 128 128 144 155 144 146 111 113 210 210 140 142 
170 123 141 134 134 138 144 120 128 144 148 144 148 103 113 210 210 142 146 
171 123 143 134 150 146 148 120 120 154 155 144 146 113 113 214 218 142 142 
172 123 135 140 140 144 144 120 120 144 144 144 144 93 107 210 210 144 150 
173 121 121 134 150 144 144 120 128 144 148 144 148 111 113 210 210 140 142 
174 121 141 134 134 138 144 120 120 150 150 150 150 109 109 184 224 140 140 
175 123 143 134 140 144 144 120 120 144 144 144 144 105 105 210 214 142 148 
176 135 141 132 140 138 144 120 128 144 155 144 144 107 113 212 212 142 146 
177 123 123 140 140 144 144 120 120 144 144 144 144 91 91 210 214 140 148 
178 123 123 132 134 138 144 120 120 144 150 144 150 109 111 210 224 136 138 
179 121 121 132 134 138 144 120 120 152 152 144 150 109 109 210 212 140 142 
180 123 135 140 140 138 138 120 120 144 150 144 150 113 113 210 210 140 140 
181 121 123 -9 -9 144 144 120 128 148 152 148 152 107 113 210 224 140 150 
182 123 123 134 134 138 144 120 120 150 150 150 150 107 113 224 224 138 140 
183 121 123 134 134 138 144 120 120 151 157 148 148 109 109 224 224 136 144 
184 -9 -9 -9 -9 -9 -9 118 128 -9 -9 144 148 109 109 184 224 140 140 
185 121 121 134 134 138 144 120 120 158 158 144 148 109 109 212 224 -9 -9 
186 135 135 134 134 138 144 120 122 156 158 144 144 109 113 224 224 140 142 
187 137 147 136 144 138 144 120 120 149 153 144 152 113 117 184 212 140 144 
188 135 139 150 150 138 144 128 134 150 154 144 144 107 113 212 224 142 150 
189 133 137 146 146 138 144 120 134 152 156 144 145 91 107 212 218 146 146 
190 133 135 146 150 138 144 120 134 148 154 145 151 91 91 212 204 142 146 
191 121 121 132 134 144 144 120 122 155 159 145 149 109 113 212 212 140 150 
192 121 123 132 132 -9 -9 118 118 158 158 144 150 109 111 212 224 144 144 
193 123 133 134 136 138 138 120 128 144 158 144 150 109 113 224 230 140 140 
194 123 147 140 142 144 144 118 120 148 154 144 150 109 109 210 210 142 144 
195 121 121 134 134 138 144 118 120 155 158 144 144 109 113 212 224 140 142 
196 121 135 -9 -9 -9 -9 122 128 144 154 144 148 93 111 210 224 144 144 
197 121 123 140 140 138 144 120 120 154 158 144 150 109 109 212 224 140 142 
198 121 141 132 134 -9 -9 120 128 155 155 144 144 109 109 210 212 138 138 
199 -9 -9 134 134 144 144 122 128 149 149 148 148 93 115 212 212 140 142 
200 121 123 134 134 138 144 120 120 158 158 148 150 109 113 184 224 140 142 
201 121 135 134 134 138 144 128 128 154 158 144 144 93 111 210 212 142 144 
202 123 123 134 150 144 144 120 120 148 154 144 150 107 107 210 224 138 140 
203 121 123 134 140 138 144 120 124 152 158 148 150 111 115 224 210 142 144 
204 121 141 134 134 144 144 120 120 152 152 148 150 109 109 224 212 138 150 
205 141 143 134 154 138 144 120 128 154 158 150 150 109 113 184 212 140 144 
206 123 141 134 134 138 144 120 120 152 154 144 148 107 113 224 224 140 144 
207 123 141 134 150 138 144 120 120 144 154 150 150 109 109 210 184 142 142 
208 123 141 132 150 138 144 120 122 154 158 144 148 109 111 212 212 140 140 
209 123 135 134 140 138 144 120 120 149 155 148 152 113 117 210 210 142 144 
210 121 121 134 140 138 144 120 122 152 154 144 144 111 113 210 184 138 146 
211 123 123 136 150 138 144 122 122 149 157 144 152 105 109 210 210 142 144 
212 123 141 132 134 144 162 120 128 155 158 148 148 109 113 210 218 142 142 
213 141 141 132 134 144 162 120 120 152 158 144 148 109 113 224 224 140 142 
214 121 123 134 134 138 144 120 120 154 155 144 148 109 109 224 224 142 142 
215 123 141 140 154 138 144 120 122 154 155 144 150 111 113 210 210 140 144 
216 123 141 140 154 138 144 120 122 154 155 144 150 111 113 210 210 140 144 
217 139 141 132 132 138 144 120 120 152 158 150 150 107 111 212 224 140 146 
218 123 125 150 150 144 150 128 134 154 156 144 150 101 113 184 218 132 140 
219 123 143 140 140 144 144 128 132 152 152 144 150 113 115 210 210 140 148 
220 133 139 140 140 144 144 120 128 155 156 148 152 113 113 210 216 140 148 
221 135 139 142 142 138 138 128 128 144 151 144 144 113 113 216 218 144 144 
222 135 135 134 134 144 150 128 128 157 159 144 148 93 113 210 210 144 144 
223 123 123 140 144 144 144 120 122 150 156 150 150 109 117 210 210 140 142 
224 135 143 140 150 144 144 120 128 150 155 144 152 93 93 210 212 142 144 
225 123 123 132 132 144 152 120 128 144 150 144 144 93 117 216 216 140 142 
226 149 149 140 144 138 138 122 122 150 151 144 144 93 117 220 222 138 142 
227 123 137 136 148 138 138 128 128 150 151 148 150 105 113 218 220 140 148 
228 123 143 146 146 144 152 128 128 144 152 144 152 93 117 210 210 136 142 
229 137 137 142 142 138 144 120 120 156 160 144 144 105 113 210 204 140 142 
230 141 141 140 140 138 138 122 130 155 155 144 144 93 93 208 208 144 144 
231 135 137 140 144 138 144 120 128 144 144 144 144 93 105 208 210 142 148 
232 123 137 132 150 144 144 128 128 144 150 144 152 111 117 210 212 140 142 
233 123 137 146 146 144 144 122 128 150 156 144 152 107 117 210 210 144 144 
234 123 135 148 150 144 144 128 130 144 156 144 144 105 113 210 210 140 142 
235 139 141 132 144 -9 -9 118 128 150 158 144 150 93 113 212 218 142 142 
236 123 143 140 140 138 144 128 128 156 156 144 144 93 93 226 228 140 144 
237 137 143 140 144 138 138 118 128 144 144 148 152 113 113 184 210 140 148 
238 123 137 140 152 138 138 120 128 150 158 144 144 113 117 212 218 140 142 
239 123 123 148 150 144 144 118 126 156 158 144 146 93 113 208 210 140 140 
240 135 145 140 150 144 144 120 128 144 149 144 144 105 115 206 210 140 144 
241 123 139 142 150 144 144 120 128 154 158 144 152 113 117 210 210 142 142 
242 137 137 134 150 144 144 118 128 148 150 150 150 105 113 210 210 140 140 
243 135 147 150 150 144 152 124 128 148 154 144 144 93 93 210 210 138 140 
244 133 143 134 150 138 138 120 130 156 160 144 150 113 113 210 222 142 148 
245 139 141 134 148 138 144 128 128 153 159 144 148 113 113 210 210 140 140 
246 149 149 140 142 138 144 122 122 150 154 144 144 105 117 210 216 136 138 
247 135 143 140 150 144 144 118 120 150 154 144 154 105 115 210 212 140 144 
248 123 135 140 144 144 144 118 128 152 154 144 144 101 105 210 210 136 140 
249 135 135 132 134 144 144 128 128 156 159 144 150 109 113 210 210 140 142 
250 123 147 150 154 144 144 128 134 144 145 144 144 105 105 210 210 142 142 
251 137 149 140 154 138 138 124 128 144 154 144 144 113 113 210 210 140 140 
252 121 135 140 150 144 144 122 128 150 154 154 154 107 113 210 212 136 138 
253 139 149 140 140 138 152 128 130 150 150 144 148 -9 -9 210 210 140 142 
254 135 139 134 140 138 138 126 128 159 159 144 152 107 107 210 184 140 144 
255 137 137 134 140 144 144 118 120 150 154 144 152 101 113 210 214 140 140 
256 123 135 132 140 138 144 126 130 155 156 144 150 101 113 210 210 132 140 
257 123 123 144 150 138 144 120 128 144 156 144 144 105 113 210 210 136 140 
258 127 143 132 150 144 144 124 124 144 155 144 144 105 113 210 210 138 148 
259 123 137 144 144 150 150 128 128 144 156 144 144 109 117 184 210 144 144 
260 135 137 134 140 138 144 122 128 150 155 144 144 107 107 184 210 142 142 
261 135 137 140 150 138 138 122 122 154 156 144 150 105 107 210 210 140 144 
262 135 139 136 150 138 138 118 128 150 154 144 144 113 113 210 210 142 142 
263 141 143 150 150 144 144 120 120 144 151 144 145 105 113 210 214 142 142 
264 123 123 132 140 138 144 118 120 154 159 150 152 113 113 210 218 140 142 
265 123 123 144 144 -9 -9 118 120 150 156 144 150 107 107 210 212 140 142 
266 123 123 142 144 142 146 128 128 144 156 142 150 113 113 210 210 132 140 
267 123 137 134 134 -9 -9 120 128 150 154 142 150 107 113 210 222 138 144 
268 123 135 134 138 138 144 128 128 149 158 142 144 93 115 210 210 142 142 
269 123 123 142 142 138 144 128 128 150 158 148 148 93 115 210 210 140 140 
270 137 145 134 148 144 144 128 128 150 156 144 152 93 105 184 210 144 144 
271 123 135 138 142 -9 -9 128 128 150 156 144 150 105 113 210 222 140 148 
272 123 147 146 146 144 144 120 124 144 156 144 150 105 109 216 218 142 148 
273 141 143 144 152 -9 -9 120 128 144 155 146 150 105 113 210 210 140 142 
274 123 123 142 142 138 144 128 128 150 155 144 146 93 115 210 210 138 140 
275 139 149 142 144 138 144 128 128 150 155 144 150 105 105 214 210 144 150 
276 123 135 138 142 144 144 122 128 154 156 144 150 93 105 210 218 140 142 
277 135 135 138 142 138 138 128 128 155 158 142 152 105 117 212 222 142 136 
278 123 125 142 150 144 144 128 128 144 150 144 146 93 93 210 214 148 148 
279 123 135 138 152 138 144 128 128 155 158 144 150 93 113 212 222 136 140 
280 123 143 134 142 138 144 128 128 156 156 144 148 93 113 204 210 140 140 
281 135 135 142 152 138 144 128 128 155 155 144 148 109 109 210 210 140 142 
282 121 137 142 142 138 138 122 128 152 158 144 150 105 107 210 210 140 140 
283 123 135 136 142 144 144 128 128 150 156 144 150 107 107 210 218 136 142 
284 135 135 142 142 144 144 120 128 150 150 144 152 109 113 210 210 144 148 
285 135 135 138 152 144 144 128 128 150 150 -9 -9 93 113 210 210 136 140 
286 137 147 136 152 144 152 120 128 144 150 144 150 93 115 210 210 140 142 
287 123 123 138 138 138 144 128 128 158 158 144 146 105 109 210 210 140 148 
288 139 143 134 152 138 144 118 120 150 156 152 152 105 107 210 210 144 144 
289 137 147 152 156 144 144 118 128 144 155 144 144 105 105 210 210 138 142 
290 123 149 138 138 144 148 128 128 156 160 144 146 109 113 210 222 144 148 
291 -9 -9 142 150 144 144 122 128 155 155 144 146 105 105 210 212 140 140 
292 123 123 132 134 -9 -9 120 122 152 154 144 144 113 115 224 224 138 140 
293 121 123 132 134 -9 -9 120 120 -9 -9 144 148 -9 -9 212 224 138 142 
294 121 141 132 132 -9 -9 120 122 158 158 144 148 113 115 212 224 140 140 
295 121 123 134 134 -9 -9 120 120 -9 -9 144 148 -9 -9 212 224 138 140 
296 121 121 134 134 -9 -9 120 120 152 152 144 148 -9 -9 224 224 138 142 
297 121 123 132 134 -9 -9 120 122 154 154 148 150 115 115 212 224 138 140 
298 121 123 134 134 -9 -9 120 120 -9 -9 144 148 115 115 212 224 138 140 
299 123 123 132 134 -9 -9 120 120 -9 -9 144 144 -9 -9 224 224 138 142 
300 121 121 134 134 -9 -9 120 120 -9 -9 148 150 -9 -9 212 224 138 140 
301 121 123 132 134 -9 -9 120 122 154 158 144 144 -9 -9 212 224 138 142 
302 141 141 -9 -9 -9 -9 120 122 -9 -9 -9 -9 -9 -9 -9 -9 -9 -9 
303 121 123 134 134 -9 -9 120 120 152 152 144 144 113 115 224 224 138 140 
304 -9 -9 150 152 -9 -9 -9 -9 -9 -9 -9 -9 -9 -9 -9 -9 -9 -9 
